<?xml version="1.0"?>
<opencv_storage>
<K_cam1 type_id="opencv-matrix">
  <rows>3</rows>
  <cols>3</cols>
  <dt>d</dt>
  <data>
    1.4397577018455008e+03 0. 1024. 0. 1.4397577018455008e+03 544. 0. 0.
    1.</data></K_cam1>
<dist_coeffs_cam1 type_id="opencv-matrix">
  <rows>5</rows>
  <cols>1</cols>
  <dt>d</dt>
  <data>
    -9.3952578698458092e-02 1.4209597670796856e-01 0. 0.
    -7.8145647924400527e-02</data></dist_coeffs_cam1>
<img_width_cam1>2048</img_width_cam1>
<img_height_cam1>1088</img_height_cam1>
<K_cam2 type_id="opencv-matrix">
  <rows>3</rows>
  <cols>3</cols>
  <dt>d</dt>
  <data>
    1.4338035714535213e+03 0. 1024. 0. 1.4338035714535213e+03 544. 0. 0.
    1.</data></K_cam2>
<dist_coeffs_cam2 type_id="opencv-matrix">
  <rows>5</rows>
  <cols>1</cols>
  <dt>d</dt>
  <data>
    -9.5862720785261923e-02 1.4510575792255354e-01 0. 0.
    -8.1840725188079735e-02</data></dist_coeffs_cam2>
<img_width_cam2>2048</img_width_cam2>
<img_height_cam2>1088</img_height_cam2>
<R type_id="opencv-matrix">
  <rows>3</rows>
  <cols>3</cols>
  <dt>d</dt>
  <data>
    9.9981272957676326e-01 -1.2389480919991487e-02
    1.4866288669174492e-02 1.1467439032898877e-02 9.9809739985751578e-01
    6.0581170669548594e-02 -1.5588573324355447e-02
    -6.0399347349117886e-02 9.9805256135211218e-01</data></R>
<T type_id="opencv-matrix">
  <rows>3</rows>
  <cols>1</cols>
  <dt>d</dt>
  <data>
    4.0214744679187248e+02 2.2042240378855649e+00 1.0690907460207018e+02</data></T>
<E type_id="opencv-matrix">
  <rows>3</rows>
  <cols>3</cols>
  <dt>d</dt>
  <data>
    -1.2603340031007637e+00 -1.0683880307479895e+02
    -4.2767454477859337e+00 1.1315795865593904e+02
    2.2964895384386914e+01 -3.9977494814745188e+02
    2.4077900764046620e+00 4.0140963019396736e+02 2.4329794477582901e+01</data></E>
<F type_id="opencv-matrix">
  <rows>3</rows>
  <cols>3</cols>
  <dt>d</dt>
  <data>
    -2.0324891499145269e-08 -1.7229457231586141e-06
    8.5879604346036790e-04 1.8248521632268046e-06 3.7034548447358576e-07
    -1.1352244889042788e-02 -9.1623308847819907e-04
    1.0844368199423511e-02 1.</data></F>
<R1 type_id="opencv-matrix">
  <rows>3</rows>
  <cols>3</cols>
  <dt>d</dt>
  <data>
    9.6229345952674394e-01 -2.2204114672875502e-02
    2.7110565291716937e-01 1.4195019423904521e-02 9.9940396101009721e-01
    3.1467827075971275e-02 -2.7164277861854874e-01
    -2.6432934171636200e-02 9.6203508294420947e-01</data></R1>
<R2 type_id="opencv-matrix">
  <rows>3</rows>
  <cols>3</cols>
  <dt>d</dt>
  <data>
    9.6641868277449694e-01 5.2970702865999123e-03 2.5691802317234380e-01
    2.2780746114135532e-03 9.9957163321398368e-01
    -2.9178081670905579e-02 -2.5696252637392675e-01
    2.8783521680086747e-02 9.6599263398807600e-01</data></R2>
<P1 type_id="opencv-matrix">
  <rows>3</rows>
  <cols>4</cols>
  <dt>d</dt>
  <data>
    1.4367806366495111e+03 0. 3.9576731872558594e+02 0. 0.
    1.4367806366495111e+03 5.4044506072998047e+02 0. 0. 0. 1. 0.</data></P1>
<P2 type_id="opencv-matrix">
  <rows>3</rows>
  <cols>4</cols>
  <dt>d</dt>
  <data>
    1.4367806366495111e+03 0. 3.9576731872558594e+02
    5.9787509795423166e+05 0. 1.4367806366495111e+03
    5.4044506072998047e+02 0. 0. 0. 1. 0.</data></P2>
<rms>5.0345822135880303e+00</rms>
</opencv_storage>
