<?xml version="1.0"?>
<opencv_storage>
<K_cam1 type_id="opencv-matrix">
  <rows>3</rows>
  <cols>3</cols>
  <dt>d</dt>
  <data>
    1.4485512776274047e+03 0. 1.0235000000000000e+03 0.
    1.4485512776274047e+03 5.4350000000000000e+02 0. 0. 1.</data></K_cam1>
<dist_coeffs_cam1 type_id="opencv-matrix">
  <rows>5</rows>
  <cols>1</cols>
  <dt>d</dt>
  <data>
    -8.5569491135373155e-02 9.6147553589195689e-02 0. 0.
    1.2748813805714843e-02</data></dist_coeffs_cam1>
<img_width_cam1>2048</img_width_cam1>
<img_height_cam1>1088</img_height_cam1>

<K_cam2 type_id="opencv-matrix">
  <rows>3</rows>
  <cols>3</cols>
  <dt>d</dt>
  <data>
    1.4901120407222745e+03 0. 1.0235000000000000e+03 0.
    1.4901120407222745e+03 5.4350000000000000e+02 0. 0. 1.</data></K_cam2>
<dist_coeffs_cam2 type_id="opencv-matrix">
  <rows>5</rows>
  <cols>1</cols>
  <dt>d</dt>
  <data>
    -1.3630397177435033e-01 1.8872365820893855e-01 0. 0.
    -3.8026434786052506e-02</data></dist_coeffs_cam2>
<img_width_cam2>2048</img_width_cam2>
<img_height_cam2>1088</img_height_cam2>

 <!-- resumed -->

<R type_id="opencv-matrix">
  <rows>3</rows>
  <cols>3</cols>
  <dt>d</dt>
  <data>
    5.3127141031809166e-01 -2.3523275090395987e-01
    8.1388957572927656e-01 2.4503402712574193e-01 9.6228529167456833e-01
    1.1817505226287160e-01 -8.1099261040355186e-01
    1.3664761369649617e-01 5.6887469230216781e-01</data></R>
<T type_id="opencv-matrix">
  <rows>3</rows>
  <cols>1</cols>
  <dt>d</dt>
  <data>
    -4.5504464307017915e+03 -9.2988622471573035e+02
    2.8576322318620323e+03</data></T>
<E type_id="opencv-matrix">
  <rows>3</rows>
  <cols>3</cols>
  <dt>d</dt>
  <data>
    5.3913722943038323e+01 -2.8769241993526521e+03
    -8.6668957830954764e+02 -2.1722001233445935e+03
    -5.0401044963590167e+01 4.9144308978834742e+03
    -6.2099224809472628e+02 -4.5975673654849506e+03
    2.1907546014280271e+02</data></E>
<F type_id="opencv-matrix">
  <rows>3</rows>
  <cols>3</cols>
  <dt>d</dt>
  <data>
    -2.5945771352590951e-07 1.3845086816579820e-05
    -1.2174724325469542e-03 1.0453629364812054e-05
    2.4255308614813879e-07 -4.5090092671467658e-02
    -9.6279088257233015e-04 1.8667372449093431e-02 1.</data></F>
<R1 type_id="opencv-matrix">
  <rows>3</rows>
  <cols>3</cols>
  <dt>d</dt>
  <data>
    9.1008965763083793e-01 -1.0380832437168173e-01
    4.0119901154480442e-01 1.0739827963600347e-01 9.9412305965536596e-01
    1.3599698256963933e-02 -4.0025295077564538e-01
    3.0711138901014085e-02 9.1588995045408783e-01</data></R1>
<R2 type_id="opencv-matrix">
  <rows>3</rows>
  <cols>3</cols>
  <dt>d</dt>
  <data>
    8.3445542692333163e-01 1.7052142431563963e-01
    -5.2402918270604548e-01 -1.6572401392743019e-01
    9.8455337643874052e-01 5.6481856829044837e-02 5.2556606786015148e-01
    3.9712627619453426e-02 8.4982540296320708e-01</data></R2>
<P1 type_id="opencv-matrix">
  <rows>3</rows>
  <cols>4</cols>
  <dt>d</dt>
  <data>
    1.4693316591748396e+03 0. 1.3162759417593479e+03 0. 0.
    1.4693316591748396e+03 4.1131657028198242e+02 0. 0. 0. 1. 0.</data></P1>
<P2 type_id="opencv-matrix">
  <rows>3</rows>
  <cols>4</cols>
  <dt>d</dt>
  <data>
    1.4693316591748396e+03 0. 1.3162759417593479e+03
    -8.0125490089521613e+06 0. 1.4693316591748396e+03
    4.1131657028198242e+02 0. 0. 0. 1. 0.</data></P2>
</opencv_storage>
